  -20.0000
  -19.3651
  -18.7302
  -18.0952
  -17.4603
  -16.8254
  -16.1905
  -15.5556
  -14.9206
  -14.2857
  -13.6508
  -13.0159
  -12.3810
  -11.7460
  -11.1111
  -10.4762
   -9.8413
   -9.2063
   -8.5714
   -7.9365
   -7.3016
   -6.6667
   -6.0317
   -5.3968
   -4.7619
   -4.1270
   -3.4921
   -2.8571
   -2.2222
   -1.5873
   -0.9524
   -0.3175
    0.3175
    0.9524
    1.5873
    2.2222
    2.8571
    3.4921
    4.1270
    4.7619
    5.3968
    6.0317
    6.6667
    7.3016
    7.9365
    8.5714
    9.2063
    9.8413
   10.4762
   11.1111
   11.7460
   12.3810
   13.0159
   13.6508
   14.2857
   14.9206
   15.5556
   16.1905
   16.8254
   17.4603
   18.0952
   18.7302
   19.3651
   20.0000

